%%Q7

A = [0 -1/2 -2 1;
    -1 -1/4 1 0;
    -10 -exp(5)/2 -2*exp(-5) 1;
    -1 -exp(5)/4 exp(-5) 0 
    ]

b = [0 0 8 2]';

A\b